56 & 8

           32 16  8  4  2  1
56 --- 	   1   1  1  0  0  0
8 -----    0   0  1  0  0  0
	---------------------
Ans is 8   0   0  1  0  0  0


67 | 9

           64  32 16  8  4  2  1
67 --- 	   1   0  0   0  0  1  1
9 -----    0   0  0   1  0  0  1
	  ------------------------
Ans is 75  1   0  0   1  0  1  1


~92
           128  64  32 16  8  4  2  1
92 --- 	   0	1   0  1   1  1  0  0
~92 ---    1	0   1  0   0  0  1  1

Ans is ---  (-128+32+2+1) = -93


~321
          512  256  128  64  32 16  8  4  2  1
321 ---	   0	1    0   1   0   0  0  0  0  1
~321 ---   1	0    1   0   1   1  1  1  1  0

Ans is ---  (-512+128+32+16+8+4+2) = -322


